Top-1 acc = 84.158
Top-3 acc = 98.100
avg F1-score= 0.8491205659785157
              precision    recall  f1-score   support

           0       0.98      0.95      0.96      1800
           1       0.95      0.90      0.92      1800
           2       0.99      0.99      0.99      1800
           3       0.79      0.87      0.83      1800
           4       0.80      0.61      0.69      1661
           5       0.54      0.75      0.63      1800
           6       0.78      0.68      0.73      1800
           7       0.88      0.88      0.88      1762
           8       0.94      0.93      0.94      1800
           9       0.97      0.87      0.92       294

    accuracy                           0.84     16317
   macro avg       0.86      0.84      0.85     16317
weighted avg       0.85      0.84      0.84     16317

model finished for fold0
Top-1 acc = 83.578
Top-3 acc = 98.145
avg F1-score= 0.8454494487235393
              precision    recall  f1-score   support

           0       0.99      0.95      0.97      1800
           1       0.97      0.89      0.93      1800
           2       0.98      0.99      0.99      1800
           3       0.81      0.85      0.83      1800
           4       0.76      0.62      0.68      1572
           5       0.52      0.77      0.62      1800
           6       0.80      0.69      0.74      1800
           7       0.89      0.88      0.89      1762
           8       0.94      0.86      0.90      1800
           9       0.97      0.87      0.92       294

    accuracy                           0.84     16228
   macro avg       0.86      0.84      0.85     16228
weighted avg       0.85      0.84      0.84     16228

model finished for fold1
Top-1 acc = 84.090
Top-3 acc = 98.007
avg F1-score= 0.8436947628528279
              precision    recall  f1-score   support

           0       0.97      0.97      0.97      1800
           1       0.93      0.90      0.92      1800
           2       0.97      0.99      0.98      1800
           3       0.92      0.79      0.85      1800
           4       0.75      0.69      0.72      1554
           5       0.54      0.69      0.61      1800
           6       0.73      0.76      0.75      1800
           7       0.89      0.94      0.92      1762
           8       0.95      0.83      0.88      1800
           9       0.84      0.87      0.86       294

    accuracy                           0.84     16210
   macro avg       0.85      0.84      0.84     16210
weighted avg       0.85      0.84      0.84     16210

model finished for fold2
Top-1 acc = 82.423
Top-3 acc = 98.213
avg F1-score= 0.8192872558288409
              precision    recall  f1-score   support

           0       0.96      0.94      0.95      1800
           1       0.97      0.88      0.92      1800
           2       0.97      0.99      0.98      1800
           3       0.90      0.71      0.80      1800
           4       0.78      0.82      0.80      1554
           5       0.57      0.68      0.62      1800
           6       0.67      0.73      0.70      1800
           7       0.91      0.85      0.88      1762
           8       0.96      0.78      0.86      1800
           9       0.54      0.92      0.68       594

    accuracy                           0.82     16510
   macro avg       0.82      0.83      0.82     16510
weighted avg       0.85      0.82      0.83     16510

model finished for fold3
Top-1 acc = 81.508
Top-3 acc = 97.638
avg F1-score= 0.814933525853802
              precision    recall  f1-score   support

           0       0.96      0.94      0.95      1800
           1       0.98      0.85      0.91      1800
           2       0.96      0.98      0.97      1800
           3       0.88      0.69      0.78      1800
           4       0.78      0.82      0.80      1300
           5       0.57      0.74      0.65      1800
           6       0.62      0.71      0.66      1800
           7       0.86      0.87      0.86      1762
           8       0.96      0.70      0.81      1800
           9       0.65      0.91      0.76       594

    accuracy                           0.82     16256
   macro avg       0.82      0.82      0.81     16256
weighted avg       0.84      0.82      0.82     16256

model finished for fold4
Top-1 acc = 80.774
Top-3 acc = 97.273
avg F1-score= 0.8011726869606445
              precision    recall  f1-score   support

           0       0.96      0.96      0.96      1800
           1       0.98      0.86      0.92      1800
           2       0.95      0.98      0.97      1800
           3       0.99      0.59      0.74      1800
           4       0.80      0.73      0.76      1252
           5       0.60      0.76      0.67      1800
           6       0.55      0.77      0.65      1800
           7       0.83      0.80      0.81      1800
           8       0.97      0.77      0.86      1800
           9       0.53      0.95      0.68       300

    accuracy                           0.81     15952
   macro avg       0.82      0.82      0.80     15952
weighted avg       0.84      0.81      0.81     15952

model finished for fold5
Top-1 acc = 82.012
Top-3 acc = 96.969
avg F1-score= 0.8136100849970413
              precision    recall  f1-score   support

           0       0.96      0.95      0.96      1800
           1       0.97      0.89      0.93      1800
           2       0.95      0.98      0.96      1800
           3       0.99      0.61      0.76      1800
           4       0.80      0.86      0.83      1233
           5       0.70      0.74      0.72      1800
           6       0.54      0.80      0.64      1800
           7       0.83      0.75      0.79      1800
           8       0.97      0.77      0.86      1800
           9       0.53      0.95      0.68       300

    accuracy                           0.82     15933
   macro avg       0.82      0.83      0.81     15933
weighted avg       0.85      0.82      0.83     15933

model finished for fold6
All folds processed. Results saved to dmd29_training_results.csv
